{
    "steps": [
        {
            "step": 0,
            "train_loss": 0.03354503959417343,
            "actions_pred1": [
                [
                    [
                        -0.5844053626060486,
                        0.12074368447065353,
                        -0.7097581028938293
                    ],
                    [
                        -0.08843153715133667,
                        1.6915740966796875,
                        -1.0722062587738037
                    ],
                    [
                        0.9190878868103027,
                        1.6964056491851807,
                        -0.6013416647911072
                    ],
                    [
                        1.0561943054199219,
                        1.5849884748458862,
                        -0.8034809827804565
                    ],
                    [
                        1.1476637125015259,
                        1.6109539270401,
                        -0.3748207092285156
                    ],
                    [
                        1.0430134534835815,
                        1.4637812376022339,
                        0.10179203748703003
                    ],
                    [
                        1.4284588098526,
                        2.3625802993774414,
                        -0.45509839057922363
                    ],
                    [
                        1.1357783079147339,
                        1.965975046157837,
                        -0.3566173315048218
                    ],
                    [
                        1.2553101778030396,
                        1.7865698337554932,
                        -0.1086302176117897
                    ],
                    [
                        1.360901117324829,
                        1.6735212802886963,
                        0.16098268330097198
                    ],
                    [
                        1.6530042886734009,
                        1.6713142395019531,
                        0.059755630791187286
                    ],
                    [
                        1.3649626970291138,
                        1.728574514389038,
                        0.12319618463516235
                    ],
                    [
                        1.0750808715820312,
                        1.4868836402893066,
                        -0.17165470123291016
                    ],
                    [
                        1.1129101514816284,
                        1.5756500959396362,
                        -0.16542337834835052
                    ],
                    [
                        1.1663435697555542,
                        1.2890452146530151,
                        -0.24557867646217346
                    ],
                    [
                        1.2521312236785889,
                        1.384403109550476,
                        -0.40178149938583374
                    ],
                    [
                        0.8346033096313477,
                        1.117245078086853,
                        -0.09287305921316147
                    ],
                    [
                        0.9536305069923401,
                        1.4132860898971558,
                        -0.08400803059339523
                    ],
                    [
                        0.92348712682724,
                        1.4637975692749023,
                        -0.18575981259346008
                    ],
                    [
                        1.204055905342102,
                        1.3992928266525269,
                        -0.08534786105155945
                    ]
                ]
            ],
            "actions_pred": [
                [
                    [
                        -0.5844053626060486,
                        -0.08843153715133667,
                        0.9190878868103027,
                        1.0561943054199219,
                        1.1476637125015259,
                        1.0430134534835815,
                        1.4284588098526,
                        1.1357783079147339,
                        1.2553101778030396,
                        1.360901117324829,
                        1.6530042886734009,
                        1.3649626970291138,
                        1.0750808715820312,
                        1.1129101514816284,
                        1.1663435697555542,
                        1.2521312236785889,
                        0.8346033096313477,
                        0.9536305069923401,
                        0.92348712682724,
                        1.204055905342102
                    ],
                    [
                        0.12074368447065353,
                        1.6915740966796875,
                        1.6964056491851807,
                        1.5849884748458862,
                        1.6109539270401,
                        1.4637812376022339,
                        2.3625802993774414,
                        1.965975046157837,
                        1.7865698337554932,
                        1.6735212802886963,
                        1.6713142395019531,
                        1.728574514389038,
                        1.4868836402893066,
                        1.5756500959396362,
                        1.2890452146530151,
                        1.384403109550476,
                        1.117245078086853,
                        1.4132860898971558,
                        1.4637975692749023,
                        1.3992928266525269
                    ],
                    [
                        -0.7097581028938293,
                        -1.0722062587738037,
                        -0.6013416647911072,
                        -0.8034809827804565,
                        -0.3748207092285156,
                        0.10179203748703003,
                        -0.45509839057922363,
                        -0.3566173315048218,
                        -0.1086302176117897,
                        0.16098268330097198,
                        0.059755630791187286,
                        0.12319618463516235,
                        -0.17165470123291016,
                        -0.16542337834835052,
                        -0.24557867646217346,
                        -0.40178149938583374,
                        -0.09287305921316147,
                        -0.08400803059339523,
                        -0.18575981259346008,
                        -0.08534786105155945
                    ]
                ]
            ],
            "states": [
                [
                    [
                        0.0,
                        0.0,
                        50557744.0,
                        50000.0,
                        18066479104.0,
                        0.0,
                        27580.0,
                        257.0
                    ],
                    [
                        0.0,
                        0.0,
                        50557744.0,
                        50000.0,
                        18117038080.0,
                        0.0,
                        27632.0,
                        257.0
                    ],
                    [
                        0.0,
                        0.0,
                        50557744.0,
                        50000.0,
                        18167595008.0,
                        0.0,
                        27684.0,
                        257.0
                    ],
                    [
                        0.0,
                        0.0,
                        50557744.0,
                        50000.0,
                        18218151936.0,
                        0.0,
                        27736.0,
                        257.0
                    ],
                    [
                        0.0,
                        0.0,
                        50557744.0,
                        50000.0,
                        18268710912.0,
                        0.0,
                        27788.0,
                        257.0
                    ],
                    [
                        0.0,
                        0.0,
                        225122048.0,
                        180000.0,
                        6645436928.0,
                        0.0,
                        72580.0,
                        258.0
                    ],
                    [
                        0.0,
                        0.0,
                        225122048.0,
                        180000.0,
                        6870559232.0,
                        0.0,
                        74080.0,
                        258.0
                    ],
                    [
                        0.0,
                        0.0,
                        225122048.0,
                        180000.0,
                        7095681024.0,
                        0.0,
                        75580.0,
                        258.0
                    ],
                    [
                        0.0,
                        0.0,
                        225122048.0,
                        180000.0,
                        7320803328.0,
                        0.0,
                        77080.0,
                        258.0
                    ],
                    [
                        0.0,
                        0.0,
                        225122048.0,
                        180000.0,
                        7545925120.0,
                        0.0,
                        78580.0,
                        258.0
                    ],
                    [
                        0.0,
                        0.0,
                        225122048.0,
                        180000.0,
                        6870559232.0,
                        0.0,
                        74080.0,
                        258.0
                    ],
                    [
                        0.0,
                        0.0,
                        225122048.0,
                        180000.0,
                        7095681024.0,
                        0.0,
                        75580.0,
                        258.0
                    ],
                    [
                        0.0,
                        0.0,
                        225122048.0,
                        180000.0,
                        7320803328.0,
                        0.0,
                        77080.0,
                        258.0
                    ],
                    [
                        0.0,
                        0.0,
                        225122048.0,
                        180000.0,
                        7545925120.0,
                        0.0,
                        78580.0,
                        258.0
                    ],
                    [
                        0.0,
                        0.0,
                        225122048.0,
                        180000.0,
                        0.0,
                        0.0,
                        78632.0,
                        258.0
                    ],
                    [
                        0.0,
                        0.0,
                        311021408.0,
                        200000.0,
                        8030323200.0,
                        0.0,
                        95496.0,
                        259.0
                    ],
                    [
                        0.0,
                        0.0,
                        311021408.0,
                        200000.0,
                        8341344256.0,
                        0.0,
                        96996.0,
                        259.0
                    ],
                    [
                        0.0,
                        0.0,
                        311021408.0,
                        200000.0,
                        8652365824.0,
                        0.0,
                        97048.0,
                        259.0
                    ],
                    [
                        0.0,
                        0.0,
                        311021408.0,
                        160000.0,
                        8963387392.0,
                        0.0,
                        66788.0,
                        259.0
                    ],
                    [
                        0.0,
                        0.0,
                        311021408.0,
                        160000.0,
                        9274408960.0,
                        0.0,
                        68288.0,
                        259.0
                    ]
                ]
            ],
            "actions": [
                [
                    [
                        0.3333333432674408
                    ],
                    [
                        0.3333333432674408
                    ],
                    [
                        0.3333333432674408
                    ],
                    [
                        0.3333333432674408
                    ],
                    [
                        0.6666666865348816
                    ],
                    [
                        0.3333333432674408
                    ],
                    [
                        0.3333333432674408
                    ],
                    [
                        0.3333333432674408
                    ],
                    [
                        0.3333333432674408
                    ],
                    [
                        0.3333333432674408
                    ],
                    [
                        0.3333333432674408
                    ],
                    [
                        0.3333333432674408
                    ],
                    [
                        0.3333333432674408
                    ],
                    [
                        0.3333333432674408
                    ],
                    [
                        0.6666666865348816
                    ],
                    [
                        0.3333333432674408
                    ],
                    [
                        0.3333333432674408
                    ],
                    [
                        0.3333333432674408
                    ],
                    [
                        0.3333333432674408
                    ],
                    [
                        0.3333333432674408
                    ]
                ]
            ],
            "returns": [
                [
                    [
                        0.5166666507720947
                    ],
                    [
                        0.5165476202964783
                    ],
                    [
                        0.5164285898208618
                    ],
                    [
                        0.5163094997406006
                    ],
                    [
                        0.5161904692649841
                    ],
                    [
                        0.5160714387893677
                    ],
                    [
                        0.5156428813934326
                    ],
                    [
                        0.5152142643928528
                    ],
                    [
                        0.5147857069969177
                    ],
                    [
                        0.5143571496009827
                    ],
                    [
                        0.5139285922050476
                    ],
                    [
                        0.5134999752044678
                    ],
                    [
                        0.5130714178085327
                    ],
                    [
                        0.5126428604125977
                    ],
                    [
                        0.5122143030166626
                    ],
                    [
                        0.5117856860160828
                    ],
                    [
                        0.5113095045089722
                    ],
                    [
                        0.5108333230018616
                    ],
                    [
                        0.510357141494751
                    ],
                    [
                        0.5099762082099915
                    ]
                ]
            ],
            "timestamps": "1731544735.3937929",
            "timestamps_each_step": "2.708864212036133",
            "timesteps": [
                [
                    2880,
                    2881,
                    2882,
                    2883,
                    2884,
                    2885,
                    2886,
                    2887,
                    2888,
                    2889,
                    2890,
                    2891,
                    2892,
                    2893,
                    2894,
                    2895,
                    2896,
                    2897,
                    2898,
                    2899
                ]
            ],
            "labels": [
                [
                    0,
                    0,
                    0,
                    0,
                    1,
                    0,
                    0,
                    0,
                    0,
                    0,
                    0,
                    0,
                    0,
                    0,
                    1,
                    0,
                    0,
                    0,
                    0,
                    0
                ]
            ],
            "CPU Usage": 1.9,
            "RAM Usage": 16.2,
            "GPU Usage": 100.0,
            "VRAM Usage": 24032.0,
            "Disk Read Speed (MB/s)": 23781.03515625,
            "Disk Write Speed (MB/s)": 10280.15478515625
        },
        {
            "step": 1,
            "train_loss": 0.029970938339829445,
            "actions_pred1": [
                [
                    [
                        1.6710845232009888,
                        1.873719573020935,
                        -0.09925505518913269
                    ],
                    [
                        1.4796638488769531,
                        1.8475451469421387,
                        -0.49465739727020264
                    ],
                    [
                        1.3209346532821655,
                        1.4258328676223755,
                        -0.29288816452026367
                    ],
                    [
                        1.4933843612670898,
                        1.2924680709838867,
                        -0.3357023000717163
                    ],
                    [
                        1.0965362787246704,
                        1.8003437519073486,
                        -0.01144029013812542
                    ],
                    [
                        0.9901474118232727,
                        1.694620132446289,
                        -0.1815924346446991
                    ],
                    [
                        1.3222100734710693,
                        1.983699917793274,
                        0.20060504972934723
                    ],
                    [
                        1.2292118072509766,
                        1.5897550582885742,
                        -0.06323275715112686
                    ],
                    [
                        1.3389370441436768,
                        1.6953469514846802,
                        0.21008895337581635
                    ],
                    [
                        1.6167644262313843,
                        1.5758529901504517,
                        0.021640555933117867
                    ],
                    [
                        1.2452760934829712,
                        1.5997580289840698,
                        0.024789223447442055
                    ],
                    [
                        1.7258365154266357,
                        1.7204694747924805,
                        0.15881569683551788
                    ],
                    [
                        1.4247653484344482,
                        1.6492314338684082,
                        0.23104844987392426
                    ],
                    [
                        1.4551833868026733,
                        1.855875849723816,
                        0.1134163960814476
                    ],
                    [
                        1.4013699293136597,
                        1.9933513402938843,
                        0.05571431666612625
                    ],
                    [
                        1.1769365072250366,
                        1.6832103729248047,
                        0.24750952422618866
                    ],
                    [
                        1.1979833841323853,
                        1.5440614223480225,
                        -0.2944837808609009
                    ],
                    [
                        1.1773344278335571,
                        1.5115926265716553,
                        -0.08361033350229263
                    ],
                    [
                        1.195318579673767,
                        1.1905978918075562,
                        0.11159782111644745
                    ],
                    [
                        1.4809514284133911,
                        1.8674403429031372,
                        0.33683493733406067
                    ]
                ]
            ],
            "actions_pred": [
                [
                    [
                        1.6710845232009888,
                        1.4796638488769531,
                        1.3209346532821655,
                        1.4933843612670898,
                        1.0965362787246704,
                        0.9901474118232727,
                        1.3222100734710693,
                        1.2292118072509766,
                        1.3389370441436768,
                        1.6167644262313843,
                        1.2452760934829712,
                        1.7258365154266357,
                        1.4247653484344482,
                        1.4551833868026733,
                        1.4013699293136597,
                        1.1769365072250366,
                        1.1979833841323853,
                        1.1773344278335571,
                        1.195318579673767,
                        1.4809514284133911
                    ],
                    [
                        1.873719573020935,
                        1.8475451469421387,
                        1.4258328676223755,
                        1.2924680709838867,
                        1.8003437519073486,
                        1.694620132446289,
                        1.983699917793274,
                        1.5897550582885742,
                        1.6953469514846802,
                        1.5758529901504517,
                        1.5997580289840698,
                        1.7204694747924805,
                        1.6492314338684082,
                        1.855875849723816,
                        1.9933513402938843,
                        1.6832103729248047,
                        1.5440614223480225,
                        1.5115926265716553,
                        1.1905978918075562,
                        1.8674403429031372
                    ],
                    [
                        -0.09925505518913269,
                        -0.49465739727020264,
                        -0.29288816452026367,
                        -0.3357023000717163,
                        -0.01144029013812542,
                        -0.1815924346446991,
                        0.20060504972934723,
                        -0.06323275715112686,
                        0.21008895337581635,
                        0.021640555933117867,
                        0.024789223447442055,
                        0.15881569683551788,
                        0.23104844987392426,
                        0.1134163960814476,
                        0.05571431666612625,
                        0.24750952422618866,
                        -0.2944837808609009,
                        -0.08361033350229263,
                        0.11159782111644745,
                        0.33683493733406067
                    ]
                ]
            ],
            "states": [
                [
                    [
                        0.0,
                        0.0,
                        218350864.0,
                        120000.0,
                        13529239552.0,
                        0.0,
                        42164.0,
                        147.0
                    ],
                    [
                        0.0,
                        0.0,
                        218350864.0,
                        120000.0,
                        13747591168.0,
                        0.0,
                        42216.0,
                        147.0
                    ],
                    [
                        0.0,
                        0.0,
                        218350864.0,
                        120000.0,
                        13965941760.0,
                        0.0,
                        42268.0,
                        147.0
                    ],
                    [
                        0.0,
                        0.0,
                        261300544.0,
                        120000.0,
                        14227241984.0,
                        0.0,
                        37520.0,
                        147.0
                    ],
                    [
                        0.0,
                        0.0,
                        261300544.0,
                        120000.0,
                        14488543232.0,
                        0.0,
                        37572.0,
                        147.0
                    ],
                    [
                        0.0,
                        0.0,
                        218350864.0,
                        120000.0,
                        13747591168.0,
                        0.0,
                        42216.0,
                        147.0
                    ],
                    [
                        0.0,
                        0.0,
                        218350864.0,
                        120000.0,
                        13965941760.0,
                        0.0,
                        42268.0,
                        147.0
                    ],
                    [
                        0.0,
                        0.0,
                        261300544.0,
                        120000.0,
                        14227241984.0,
                        0.0,
                        37520.0,
                        147.0
                    ],
                    [
                        0.0,
                        0.0,
                        261300544.0,
                        120000.0,
                        14488543232.0,
                        0.0,
                        37572.0,
                        147.0
                    ],
                    [
                        0.0,
                        0.0,
                        261300544.0,
                        120000.0,
                        0.0,
                        0.0,
                        37624.0,
                        147.0
                    ],
                    [
                        0.0,
                        0.0,
                        332435936.0,
                        140000.0,
                        4754836480.0,
                        0.0,
                        35208.0,
                        148.0
                    ],
                    [
                        0.0,
                        0.0,
                        332435936.0,
                        140000.0,
                        5087272448.0,
                        0.0,
                        36708.0,
                        148.0
                    ],
                    [
                        0.0,
                        0.0,
                        332435936.0,
                        140000.0,
                        5419708416.0,
                        0.0,
                        38208.0,
                        148.0
                    ],
                    [
                        0.0,
                        0.0,
                        332435936.0,
                        140000.0,
                        5752144384.0,
                        0.0,
                        39708.0,
                        148.0
                    ],
                    [
                        0.0,
                        0.0,
                        332435936.0,
                        140000.0,
                        6084580352.0,
                        0.0,
                        41208.0,
                        148.0
                    ],
                    [
                        0.0,
                        0.0,
                        332435936.0,
                        140000.0,
                        5087272448.0,
                        0.0,
                        36708.0,
                        148.0
                    ],
                    [
                        0.0,
                        0.0,
                        332435936.0,
                        140000.0,
                        5419708416.0,
                        0.0,
                        38208.0,
                        148.0
                    ],
                    [
                        0.0,
                        0.0,
                        332435936.0,
                        140000.0,
                        5752144384.0,
                        0.0,
                        39708.0,
                        148.0
                    ],
                    [
                        0.0,
                        0.0,
                        332435936.0,
                        140000.0,
                        6084580352.0,
                        0.0,
                        41208.0,
                        148.0
                    ],
                    [
                        0.0,
                        0.0,
                        332435936.0,
                        140000.0,
                        0.0,
                        0.0,
                        42708.0,
                        148.0
                    ]
                ]
            ],
            "actions": [
                [
                    [
                        0.3333333432674408
                    ],
                    [
                        0.3333333432674408
                    ],
                    [
                        0.3333333432674408
                    ],
                    [
                        0.3333333432674408
                    ],
                    [
                        0.3333333432674408
                    ],
                    [
                        0.3333333432674408
                    ],
                    [
                        0.3333333432674408
                    ],
                    [
                        0.3333333432674408
                    ],
                    [
                        0.3333333432674408
                    ],
                    [
                        0.6666666865348816
                    ],
                    [
                        0.3333333432674408
                    ],
                    [
                        0.3333333432674408
                    ],
                    [
                        0.3333333432674408
                    ],
                    [
                        0.3333333432674408
                    ],
                    [
                        0.3333333432674408
                    ],
                    [
                        0.3333333432674408
                    ],
                    [
                        0.3333333432674408
                    ],
                    [
                        0.3333333432674408
                    ],
                    [
                        0.3333333432674408
                    ],
                    [
                        0.6666666865348816
                    ]
                ]
            ],
            "returns": [
                [
                    [
                        0.8204761743545532
                    ],
                    [
                        0.8201904892921448
                    ],
                    [
                        0.8199047446250916
                    ],
                    [
                        0.8196190595626831
                    ],
                    [
                        0.8193333148956299
                    ],
                    [
                        0.8190476298332214
                    ],
                    [
                        0.8187618851661682
                    ],
                    [
                        0.8184762001037598
                    ],
                    [
                        0.8181904554367065
                    ],
                    [
                        0.8179047703742981
                    ],
                    [
                        0.8176190257072449
                    ],
                    [
                        0.8172857165336609
                    ],
                    [
                        0.8169524073600769
                    ],
                    [
                        0.8166190385818481
                    ],
                    [
                        0.8162857294082642
                    ],
                    [
                        0.8159523606300354
                    ],
                    [
                        0.8156190514564514
                    ],
                    [
                        0.8152857422828674
                    ],
                    [
                        0.8149523735046387
                    ],
                    [
                        0.8146190643310547
                    ]
                ]
            ],
            "timestamps": "1731544741.8392477",
            "timestamps_each_step": "2.7166872024536133",
            "timesteps": [
                [
                    1580,
                    1581,
                    1582,
                    1583,
                    1584,
                    1585,
                    1586,
                    1587,
                    1588,
                    1589,
                    1590,
                    1591,
                    1592,
                    1593,
                    1594,
                    1595,
                    1596,
                    1597,
                    1598,
                    1599
                ]
            ],
            "labels": [
                [
                    0,
                    0,
                    0,
                    0,
                    0,
                    0,
                    0,
                    0,
                    0,
                    1,
                    0,
                    0,
                    0,
                    0,
                    0,
                    0,
                    0,
                    0,
                    0,
                    1
                ]
            ],
            "CPU Usage": 2.1,
            "RAM Usage": 16.6,
            "GPU Usage": 100.0,
            "VRAM Usage": 24040.0,
            "Disk Read Speed (MB/s)": 23798.4765625,
            "Disk Write Speed (MB/s)": 10281.06494140625
        },
        {
            "step": 2,
            "train_loss": 0.025662461295723915,
            "actions_pred1": [
                [
                    [
                        1.4298139810562134,
                        1.0531007051467896,
                        -0.31459760665893555
                    ],
                    [
                        1.4724162817001343,
                        1.230040431022644,
                        -0.39352720975875854
                    ],
                    [
                        1.1213641166687012,
                        1.2240437269210815,
                        -0.35694003105163574
                    ],
                    [
                        1.0737218856811523,
                        1.1159658432006836,
                        -0.1093403771519661
                    ],
                    [
                        1.0638128519058228,
                        1.2159390449523926,
                        -0.4302240312099457
                    ],
                    [
                        0.9037353992462158,
                        1.1313844919204712,
                        -0.43498730659484863
                    ],
                    [
                        0.9280570149421692,
                        0.970422625541687,
                        -0.5934962034225464
                    ],
                    [
                        1.0467778444290161,
                        1.1142475605010986,
                        -0.48919567465782166
                    ],
                    [
                        0.7860318422317505,
                        1.1377707719802856,
                        -0.4138645827770233
                    ],
                    [
                        1.0356128215789795,
                        0.9936208724975586,
                        -0.5139159560203552
                    ],
                    [
                        0.9981788396835327,
                        1.0000571012496948,
                        -0.39773377776145935
                    ],
                    [
                        1.1314231157302856,
                        1.1979223489761353,
                        -0.6601083874702454
                    ],
                    [
                        1.1620055437088013,
                        1.1414352655410767,
                        -0.4873262643814087
                    ],
                    [
                        1.2157437801361084,
                        1.1879926919937134,
                        -0.5436545610427856
                    ],
                    [
                        0.9568139910697937,
                        1.2080296277999878,
                        -0.28581950068473816
                    ],
                    [
                        0.8848913311958313,
                        1.1168451309204102,
                        -0.4398617148399353
                    ],
                    [
                        0.9063712358474731,
                        1.1367366313934326,
                        -0.42796602845191956
                    ],
                    [
                        0.8930270075798035,
                        1.254325270652771,
                        -0.3841385841369629
                    ],
                    [
                        0.9260757565498352,
                        1.1469712257385254,
                        -0.31479448080062866
                    ],
                    [
                        1.001428246498108,
                        1.335929036140442,
                        -0.37413889169692993
                    ]
                ]
            ],
            "actions_pred": [
                [
                    [
                        1.4298139810562134,
                        1.4724162817001343,
                        1.1213641166687012,
                        1.0737218856811523,
                        1.0638128519058228,
                        0.9037353992462158,
                        0.9280570149421692,
                        1.0467778444290161,
                        0.7860318422317505,
                        1.0356128215789795,
