{
    "steps": [
        {
            "step": 0,
            "train_loss": 0.026909220963716507,
            "actions_pred1": [
                [
                    [
                        1.1921004056930542,
                        0.8207089304924011,
                        0.10100150108337402
                    ],
                    [
                        1.0234344005584717,
                        0.9538096189498901,
                        -0.09792861342430115
                    ],
                    [
                        0.8702831268310547,
                        0.9910995960235596,
                        -0.18323692679405212
                    ],
                    [
                        0.906071126461029,
                        0.8579521179199219,
                        -0.022059880197048187
                    ],
                    [
                        0.8544850945472717,
                        1.3261715173721313,
                        -0.07194917649030685
                    ],
                    [
                        0.8302216529846191,
                        0.9701753258705139,
                        -0.24115045368671417
                    ],
                    [
                        1.0436317920684814,
                        1.214133381843567,
                        -0.12231697142124176
                    ],
                    [
                        1.0713839530944824,
                        1.1230270862579346,
                        -0.35014766454696655
                    ],
                    [
                        1.086586594581604,
                        0.987625241279602,
                        -0.2643005847930908
                    ],
                    [
                        0.9358596205711365,
                        1.1220475435256958,
                        -0.12219098210334778
                    ],
                    [
                        1.1042759418487549,
                        1.0632771253585815,
                        -0.20277997851371765
                    ],
                    [
                        0.8837862610816956,
                        0.7961252927780151,
                        -0.5747567415237427
                    ],
                    [
                        0.9518607258796692,
                        1.1034951210021973,
                        -0.1620250642299652
                    ],
                    [
                        1.0209046602249146,
                        0.9792487025260925,
                        -0.5524747371673584
                    ],
                    [
                        1.0703153610229492,
                        1.2727397680282593,
                        -0.25658711791038513
                    ],
                    [
                        1.0040488243103027,
                        1.042565107345581,
                        -0.3293111026287079
                    ],
                    [
                        0.9187032580375671,
                        1.1421661376953125,
                        -0.1452334076166153
                    ],
                    [
                        0.8932688236236572,
                        1.0482984781265259,
                        -0.23494106531143188
                    ],
                    [
                        0.9743616580963135,
                        1.3208444118499756,
                        0.021375123411417007
                    ],
                    [
                        0.9996428489685059,
                        1.12724769115448,
                        -0.18965241312980652
                    ]
                ]
            ],
            "actions_pred": [
                [
                    [
                        1.1921004056930542,
                        1.0234344005584717,
                        0.8702831268310547,
                        0.906071126461029,
                        0.8544850945472717,
                        0.8302216529846191,
                        1.0436317920684814,
                        1.0713839530944824,
                        1.086586594581604,
                        0.9358596205711365,
                        1.1042759418487549,
                        0.8837862610816956,
                        0.9518607258796692,
                        1.0209046602249146,
                        1.0703153610229492,
                        1.0040488243103027,
                        0.9187032580375671,
                        0.8932688236236572,
                        0.9743616580963135,
                        0.9996428489685059
                    ],
                    [
                        0.8207089304924011,
                        0.9538096189498901,
                        0.9910995960235596,
                        0.8579521179199219,
                        1.3261715173721313,
                        0.9701753258705139,
                        1.214133381843567,
                        1.1230270862579346,
                        0.987625241279602,
                        1.1220475435256958,
                        1.0632771253585815,
                        0.7961252927780151,
                        1.1034951210021973,
                        0.9792487025260925,
                        1.2727397680282593,
                        1.042565107345581,
                        1.1421661376953125,
                        1.0482984781265259,
                        1.3208444118499756,
                        1.12724769115448
                    ],
                    [
                        0.10100150108337402,
                        -0.09792861342430115,
                        -0.18323692679405212,
                        -0.022059880197048187,
                        -0.07194917649030685,
                        -0.24115045368671417,
                        -0.12231697142124176,
                        -0.35014766454696655,
                        -0.2643005847930908,
                        -0.12219098210334778,
                        -0.20277997851371765,
                        -0.5747567415237427,
                        -0.1620250642299652,
                        -0.5524747371673584,
                        -0.25658711791038513,
                        -0.3293111026287079,
                        -0.1452334076166153,
                        -0.23494106531143188,
                        0.021375123411417007,
                        -0.18965241312980652
                    ]
                ]
            ],
            "states": [
                [
                    [
                        0.0,
                        0.0,
                        559566080.0,
                        70000.0,
                        559566080.0,
                        0.0,
                        19504.0,
                        195.0
                    ],
                    [
                        0.0,
                        0.0,
                        559566080.0,
                        70000.0,
                        1119132160.0,
                        0.0,
                        19556.0,
                        195.0
                    ],
                    [
                        0.0,
                        0.0,
                        559566080.0,
                        70000.0,
                        1678698240.0,
                        0.0,
                        19608.0,
                        195.0
                    ],
                    [
                        0.0,
                        0.0,
                        493799392.0,
                        70000.0,
                        2172497664.0,
                        0.0,
                        19660.0,
                        195.0
                    ],
                    [
                        1.0,
                        0.0,
                        10485103.0,
                        120000.0,
                        94308848.0,
                        0.0,
                        42000.0,
                        0.0
                    ],
                    [
                        0.0,
                        0.0,
                        559566080.0,
                        70000.0,
                        1119132160.0,
                        0.0,
                        19556.0,
                        195.0
                    ],
                    [
                        0.0,
                        0.0,
                        559566080.0,
                        70000.0,
                        1678698240.0,
                        0.0,
                        19608.0,
                        195.0
                    ],
                    [
                        0.0,
                        0.0,
                        493799392.0,
                        70000.0,
                        2172497664.0,
                        0.0,
                        19660.0,
                        195.0
                    ],
                    [
                        1.0,
                        0.0,
                        10485103.0,
                        120000.0,
                        94308848.0,
                        0.0,
                        42000.0,
                        0.0
                    ],
                    [
                        0.0,
                        0.0,
                        508563360.0,
                        70000.0,
                        0.0,
                        0.0,
                        15108.0,
                        195.0
                    ],
                    [
                        1.0,
                        0.0,
                        0.0,
                        60000.0,
                        0.0,
                        0.0,
                        34500.0,
                        0.0
                    ],
                    [
                        1.0,
                        0.0,
                        0.0,
                        60000.0,
                        0.0,
                        0.0,
                        36000.0,
                        0.0
                    ],
                    [
                        1.0,
                        0.0,
                        0.0,
                        60000.0,
                        0.0,
                        0.0,
                        37500.0,
                        0.0
                    ],
                    [
                        0.0,
                        0.0,
                        493799392.0,
                        60000.0,
                        10591246336.0,
                        0.0,
                        6140.0,
                        196.0
                    ],
                    [
                        0.0,
                        0.0,
                        493799392.0,
                        60000.0,
                        11085045760.0,
                        0.0,
                        7640.0,
                        196.0
                    ],
                    [
                        1.0,
                        0.0,
                        0.0,
                        60000.0,
                        0.0,
                        0.0,
                        36000.0,
                        0.0
                    ],
                    [
                        1.0,
                        0.0,
                        0.0,
                        60000.0,
                        0.0,
                        0.0,
                        37500.0,
                        0.0
                    ],
                    [
                        0.0,
                        0.0,
                        493799392.0,
                        60000.0,
                        10591246336.0,
                        0.0,
                        6140.0,
                        196.0
                    ],
                    [
                        0.0,
                        0.0,
                        493799392.0,
                        60000.0,
                        11085045760.0,
                        0.0,
                        7640.0,
                        196.0
                    ],
                    [
                        0.0,
                        0.0,
                        493799392.0,
                        60000.0,
                        0.0,
                        0.0,
                        9140.0,
                        196.0
                    ]
                ]
            ],
            "actions": [
                [
                    [
                        0.3333333432674408
                    ],
                    [
                        0.3333333432674408
                    ],
                    [
                        0.3333333432674408
                    ],
                    [
                        0.3333333432674408
                    ],
                    [
                        0.3333333432674408
                    ],
                    [
                        0.3333333432674408
                    ],
                    [
                        0.3333333432674408
                    ],
                    [
                        0.3333333432674408
                    ],
                    [
                        0.3333333432674408
                    ],
                    [
                        0.6666666865348816
                    ],
                    [
                        0.3333333432674408
                    ],
                    [
                        0.3333333432674408
                    ],
                    [
                        0.3333333432674408
                    ],
                    [
                        0.3333333432674408
                    ],
                    [
                        0.3333333432674408
                    ],
                    [
                        0.3333333432674408
                    ],
                    [
                        0.3333333432674408
                    ],
                    [
                        0.3333333432674408
                    ],
                    [
                        0.3333333432674408
                    ],
                    [
                        0.6666666865348816
                    ]
                ]
            ],
            "returns": [
                [
                    [
                        0.7190476059913635
                    ],
                    [
                        0.7188809514045715
                    ],
                    [
                        0.7187142968177795
                    ],
                    [
                        0.7185476422309875
                    ],
                    [
                        0.7183809280395508
                    ],
                    [
                        0.7180952429771423
                    ],
                    [
                        0.7179285883903503
                    ],
                    [
                        0.7177619338035583
                    ],
                    [
                        0.7175952196121216
                    ],
                    [
                        0.7173095345497131
                    ],
                    [
                        0.7171428799629211
                    ],
                    [
                        0.7170000076293945
                    ],
                    [
                        0.7168571352958679
                    ],
                    [
                        0.7167142629623413
                    ],
                    [
                        0.7165714502334595
                    ],
                    [
                        0.7164285778999329
                    ],
                    [
                        0.7162857055664062
                    ],
                    [
                        0.7161428332328796
                    ],
                    [
                        0.7160000205039978
                    ],
                    [
                        0.7158571481704712
                    ]
                ]
            ],
            "timestamps": "1731545998.6725726",
            "timestamps_each_step": "2.7075276374816895",
            "timesteps": [
                [
                    2100,
                    2101,
                    2102,
                    2103,
                    2104,
                    2105,
                    2106,
                    2107,
                    2108,
                    2109,
                    2110,
                    2111,
                    2112,
                    2113,
                    2114,
                    2115,
                    2116,
                    2117,
                    2118,
                    2119
                ]
            ],
            "labels": [
                [
                    0,
                    0,
                    0,
                    0,
                    0,
                    0,
                    0,
                    0,
                    0,
                    1,
                    0,
                    0,
                    0,
                    0,
                    0,
                    0,
                    0,
                    0,
                    0,
                    1
                ]
            ],
            "CPU Usage": 1.8,
            "RAM Usage": 17.5,
            "GPU Usage": 100.0,
            "VRAM Usage": 23955.0,
            "Disk Read Speed (MB/s)": 27584.27099609375,
            "Disk Write Speed (MB/s)": 11634.8271484375
        },
        {
            "step": 1,
            "train_loss": 0.025988202542066574,
            "actions_pred1": [
                [
                    [
                        1.4573473930358887,
                        1.5602861642837524,
                        -0.4206533432006836
                    ],
                    [
                        1.5996119976043701,
                        1.6825488805770874,
                        -0.1170116662979126
                    ],
                    [
                        2.138850450515747,
                        1.5142192840576172,
                        -0.38337016105651855
                    ],
                    [
                        1.9206674098968506,
                        1.4908939599990845,
                        0.17165279388427734
                    ],
                    [
                        1.768263578414917,
                        1.5663880109786987,
                        -0.0808149203658104
                    ],
                    [
                        1.7999330759048462,
                        1.685059905052185,
                        -0.3088492453098297
                    ],
                    [
                        1.6086921691894531,
                        1.6451783180236816,
                        -0.21376971900463104
                    ],
                    [
                        1.145985722541809,
                        1.6324080228805542,
                        0.24995097517967224
                    ],
                    [
                        1.2681288719177246,
                        1.3884564638137817,
                        -0.11431102454662323
                    ],
                    [
                        1.5466341972351074,
                        1.4529496431350708,
                        -0.1990726739168167
                    ],
                    [
                        1.5224690437316895,
                        1.7562226057052612,
                        -0.07693199813365936
                    ],
                    [
                        1.3754401206970215,
                        1.895124912261963,
                        0.021806687116622925
                    ],
                    [
                        1.0903210639953613,
                        1.383885383605957,
                        -0.18804383277893066
                    ],
                    [
                        1.2274181842803955,
                        1.46484375,
                        -0.1544354110956192
                    ],
                    [
                        1.1257083415985107,
                        1.6378508806228638,
                        -0.3057529032230377
                    ],
                    [
                        1.33562171459198,
                        1.2246620655059814,
                        -0.32673683762550354
                    ],
                    [
                        1.2442595958709717,
                        1.4098291397094727,
                        -0.3167937099933624
                    ],
                    [
                        1.0970573425292969,
                        1.2145575284957886,
                        -0.2637198865413666
                    ],
                    [
                        1.0632904767990112,
                        1.7011829614639282,
                        -0.3271971642971039
                    ],
                    [
                        1.5714731216430664,
                        1.5986336469650269,
                        -0.10571859776973724
                    ]
                ]
            ],
            "actions_pred": [
                [
                    [
                        1.4573473930358887,
                        1.5996119976043701,
                        2.138850450515747,
                        1.9206674098968506,
                        1.768263578414917,
                        1.7999330759048462,
                        1.6086921691894531,
                        1.145985722541809,
                        1.2681288719177246,
                        1.5466341972351074,
                        1.5224690437316895,
                        1.3754401206970215,
                        1.0903210639953613,
                        1.2274181842803955,
                        1.1257083415985107,
                        1.33562171459198,
                        1.2442595958709717,
                        1.0970573425292969,
                        1.0632904767990112,
                        1.5714731216430664
                    ],
                    [
                        1.5602861642837524,
                        1.6825488805770874,
                        1.5142192840576172,
                        1.4908939599990845,
                        1.5663880109786987,
                        1.685059905052185,
                        1.6451783180236816,
                        1.6324080228805542,
                        1.3884564638137817,
                        1.4529496431350708,
                        1.7562226057052612,
                        1.895124912261963,
                        1.383885383605957,
                        1.46484375,
                        1.6378508806228638,
                        1.2246620655059814,
                        1.4098291397094727,
                        1.2145575284957886,
                        1.7011829614639282,
                        1.5986336469650269
                    ],
                    [
                        -0.4206533432006836,
                        -0.1170116662979126,
                        -0.38337016105651855,
                        0.17165279388427734,
                        -0.0808149203658104,
                        -0.3088492453098297,
                        -0.21376971900463104,
                        0.24995097517967224,
                        -0.11431102454662323,
                        -0.1990726739168167,
                        -0.07693199813365936,
                        0.021806687116622925,
                        -0.18804383277893066,
                        -0.1544354110956192,
                        -0.3057529032230377,
                        -0.32673683762550354,
                        -0.3167937099933624,
                        -0.2637198865413666,
                        -0.3271971642971039,
                        -0.10571859776973724
                    ]
                ]
            ],
            "states": [
                [
                    [
                        0.0,
                        0.0,
                        531841024.0,
                        230000.0,
                        4743619584.0,
                        0.0,
                        206648.0,
                        269.0
                    ],
                    [
                        0.0,
                        0.0,
                        531841024.0,
                        230000.0,
                        5275460608.0,
                        0.0,
                        208148.0,
                        269.0
                    ],
                    [
                        0.0,
                        0.0,
                        531841024.0,
                        230000.0,
                        5807301632.0,
                        0.0,
                        209648.0,
                        269.0
                    ],
                    [
                        0.0,
                        0.0,
                        531841024.0,
                        230000.0,
                        6339142656.0,
                        0.0,
                        211148.0,
                        269.0
                    ],
                    [
                        0.0,
                        0.0,
                        531841024.0,
                        230000.0,
                        0.0,
                        0.0,
                        212648.0,
                        269.0
                    ],
                    [
                        0.0,
                        0.0,
                        531841024.0,
                        230000.0,
                        1063682048.0,
                        0.0,
                        214148.0,
                        270.0
                    ],
                    [
                        0.0,
                        0.0,
                        531841024.0,
                        230000.0,
                        1595523072.0,
                        0.0,
                        215648.0,
                        270.0
                    ],
                    [
                        0.0,
                        0.0,
                        531841024.0,
                        230000.0,
                        2127364096.0,
                        0.0,
                        217148.0,
                        270.0
                    ],
                    [
                        0.0,
                        0.0,
                        531841024.0,
                        230000.0,
                        2659205120.0,
                        0.0,
                        218648.0,
                        270.0
                    ],
                    [
                        0.0,
                        0.0,
                        531841024.0,
                        230000.0,
                        3191046144.0,
                        0.0,
                        220148.0,
                        270.0
                    ],
                    [
                        0.0,
                        0.0,
                        531841024.0,
                        230000.0,
                        1595523072.0,
                        0.0,
                        215648.0,
                        270.0
                    ],
                    [
                        0.0,
                        0.0,
                        531841024.0,
                        230000.0,
                        2127364096.0,
                        0.0,
                        217148.0,
                        270.0
                    ],
                    [
                        0.0,
                        0.0,
                        531841024.0,
                        230000.0,
                        2659205120.0,
                        0.0,
                        218648.0,
                        270.0
                    ],
                    [
                        0.0,
                        0.0,
                        531841024.0,
                        230000.0,
                        3191046144.0,
                        0.0,
                        220148.0,
                        270.0
                    ],
                    [
                        0.0,
                        0.0,
                        531841024.0,
                        230000.0,
                        0.0,
                        0.0,
                        221648.0,
                        270.0
                    ],
                    [
                        1.0,
                        135000.0,
                        26869.0,
                        50000.0,
                        510511.0,
                        0.0,
                        28500.0,
                        5.0
                    ],
                    [
                        1.0,
                        135000.0,
                        26869.0,
                        50000.0,
                        537380.0,
                        0.0,
                        30000.0,
                        5.0
                    ],
                    [
                        1.0,
                        135000.0,
                        26869.0,
                        50000.0,
                        564249.0,
                        0.0,
                        31500.0,
                        5.0
                    ],
                    [
                        0.0,
                        0.0,
                        531841024.0,
                        240000.0,
                        2127364096.0,
                        0.0,
                        220292.0,
                        271.0
                    ],
                    [
                        0.0,
                        0.0,
                        531841024.0,
                        240000.0,
                        2659205120.0,
                        0.0,
                        220364.0,
                        271.0
                    ]
                ]
            ],
            "actions": [
                [
                    [
                        0.3333333432674408
                    ],
                    [
                        0.3333333432674408
                    ],
                    [
                        0.3333333432674408
                    ],
                    [
                        0.3333333432674408
                    ],
                    [
                        0.6666666865348816
                    ],
                    [
                        0.3333333432674408
                    ],
                    [
                        0.3333333432674408
                    ],
                    [
                        0.3333333432674408
                    ],
                    [
                        0.3333333432674408
                    ],
                    [
                        0.3333333432674408
                    ],
                    [
                        0.3333333432674408
                    ],
                    [
                        0.3333333432674408
                    ],
                    [
                        0.3333333432674408
                    ],
                    [
                        0.3333333432674408
                    ],
                    [
                        0.6666666865348816
                    ],
                    [
                        0.3333333432674408
                    ],
                    [
                        0.3333333432674408
                    ],
                    [
                        0.3333333432674408
                    ],
                    [
                        0.3333333432674408
                    ],
                    [
                        0.3333333432674408
                    ]
                ]
            ],
            "returns": [
                [
                    [
                        0.4672619104385376
                    ],
                    [
                        0.4667142927646637
                    ],
                    [
                        0.4661666750907898
                    ],
                    [
                        0.4656190574169159
                    ],
                    [
                        0.465071439743042
                    ],
                    [
                        0.4645238220691681
                    ],
                    [
                        0.4639762043952942
                    ],
                    [
                        0.4634285569190979
                    ],
                    [
                        0.462880939245224
                    ],
                    [
                        0.4623333215713501
                    ],
                    [
                        0.4617857038974762
                    ],
                    [
                        0.4612380862236023
                    ],
                    [
                        0.4606904685497284
                    ],
                    [
                        0.4601428508758545
                    ],
                    [
                        0.4595952332019806
                    ],
                    [
                        0.4590476155281067
                    ],
                    [
                        0.45892858505249023
                    ],
                    [
                        0.4588095247745514
                    ],
                    [
                        0.45869046449661255
                    ],
                    [
                        0.4581190347671509
                    ]
                ]
            ],
            "timestamps": "1731546006.7807772",
            "timestamps_each_step": "3.1604225635528564",
            "timesteps": [
                [
                    3020,
                    3021,
                    3022,
                    3023,
                    3024,
                    3025,
                    3026,
                    3027,
                    3028,
                    3029,
                    3030,
                    3031,
                    3032,
                    3033,
                    3034,
                    3035,
                    3036,
                    3037,
                    3038,
                    3039
                ]
            ],
            "labels": [
                [
                    0,
                    0,
                    0,
                    0,
                    1,
                    0,
                    0,
                    0,
                    0,
                    0,
                    0,
                    0,
                    0,
                    0,
                    1,
                    0,
                    0,
                    0,
                    0,
                    0
                ]
            ],
            "CPU Usage": 2.7,
            "RAM Usage": 17.4,
            "GPU Usage": 100.0,
            "VRAM Usage": 23957.0,
            "Disk Read Speed (MB/s)": 27601.05224609375,
            "Disk Write Speed (MB/s)": 11777.8974609375
        },
        {
            "step": 2,
            "train_loss": 0.035599373281002045,
            "actions_pred1": [
                [
                    [
                        0.5833448171615601,
                        1.9104071855545044,
                        0.6026860475540161
                    ],
                    [
                        0.4428078532218933,
                        1.782480001449585,
                        0.005653403699398041
                    ],
                    [
                        1.0353070497512817,
                        1.5208814144134521,
                        -0.22425565123558044
                    ],
                    [
                        1.0488007068634033,
                        1.9407156705856323,
                        -0.5027644634246826
                    ],
                    [
                        0.863980233669281,
                        1.7822253704071045,
                        -0.4546835720539093
                    ],
                    [
                        0.7888541221618652,
                        1.943547010421753,
                        -0.24258175492286682
                    ],
                    [
                        0.702319324016571,
                        2.0591073036193848,
                        -0.20069848001003265
                    ],
                    [
                        0.9234978556632996,
                        1.5390205383300781,
                        -0.3832477033138275
                    ],
                    [
                        0.9982970356941223,
                        1.2234740257263184,
                        -0.32210177183151245
                    ],
                    [
                        0.9588035941123962,
                        1.5943775177001953,
                        -0.3357906639575958
                    ],
                    [
                        0.6690011620521545,
                        1.315126895904541,
                        -0.37099388241767883
                    ],
                    [
                        0.9991145730018616,
                        1.573555827140808,
                        0.05636328086256981
                    ],
                    [
                        1.0271859169006348,
                        1.6675407886505127,
                        -0.20382414758205414
                    ],
                    [
                        1.142869472503662,
                        1.346397876739502,
                        -0.7156034111976624
                    ],
                    [
                        0.8113444447517395,
                        1.3036623001098633,
                        -0.6393036842346191
                    ],
                    [
                        0.46968114376068115,
                        1.2935450077056885,
                        -0.5963451862335205
                    ],
                    [
                        0.9275560975074768,
                        1.5984125137329102,
                        -0.37350717186927795
                    ],
                    [
                        0.6968134045600891,
                        1.6910196542739868,
                        -0.17351257801055908
                    ],
                    [
                        1.0070228576660156,
                        1.5481022596359253,
                        -0.22863702476024628
                    ],
                    [
                        1.0290191173553467,
                        1.289891004562378,
                        -0.34356579184532166
                    ]
                ]
            ],
            "actions_pred": [
                [
                    [
                        0.5833448171615601,
                        0.4428078532218933,
                        1.0353070497512817,
                        1.0488007068634033,
                        0.863980233669281,
                        0.7888541221618652,
                        0.702319324016571,
                        0.9234978556632996,
                        0.9982970356941223,
                        0.9588035941123962,
                        0.6690011620521545,
                        0.9991145730018616,
                        1.0271859169006348,
